# PRIMAL-CVAR PDF Data for TikZ
# Mean: 4.82ms
# CVaR(0.25): 8.90ms
# VaR(0.25): 6.43ms
# Standard deviation: 3.03ms
# Min: 0.00ms, Max: 33.37ms

# PDF curve points (x,y):
(0.0,1.953535) (0.2,1.950051) (0.4,1.687534) (0.6,1.861476) (0.8,2.197784) (1.0,2.564283) (1.2,2.857422) (1.4,3.053521) (1.6,3.280170) (1.8,3.522683) (2.0,3.751229) (2.2,3.989421) (2.4,4.207401) (2.6,4.342410) (2.8,4.441929) (3.0,4.572521) (3.2,4.721738) (3.4,4.860035) (3.6,4.987091) (3.8,5.000000) (4.0,4.890687) (4.2,4.789889) (4.4,4.715935) (4.6,4.643909) (4.8,4.566784) (5.0,4.441099) (5.2,4.255858) (5.4,4.075584) (5.6,3.911156) (5.8,3.746235) (6.0,3.586141) (6.2,3.426247) (6.4,3.235441) (6.6,3.023519) (6.8,2.824258) (7.0,2.645219) (7.2,2.475028) (7.4,2.310675) (7.6,2.151144) (7.8,1.982298) (8.0,1.817288) (8.2,1.676752) (8.4,1.553668) (8.6,1.440323) (8.8,1.329779) (9.0,1.214502) (9.2,1.112918) (9.4,1.024378) (9.6,0.936300) (9.8,0.855410) (10.0,0.791077) (10.2,0.733829) (10.4,0.672904) (10.6,0.614865) (10.8,0.561053) (11.0,0.516750) (11.2,0.475425) (11.4,0.436208) (11.6,0.401260) (11.8,0.371273) (12.0,0.343105) (12.2,0.313744) (12.4,0.285117) (12.6,0.261819) (12.8,0.244067) (13.0,0.225059) (13.2,0.204630) (13.4,0.188347) (13.6,0.174242) (13.8,0.158648) (14.0,0.147143) (14.2,0.136670) (14.4,0.126961) (14.6,0.118471) (14.8,0.111321) (15.0,0.104958) (15.2,0.098091) (15.4,0.090586) (15.6,0.083761) (15.8,0.077076) (16.0,0.071827) (16.2,0.068515) (16.4,0.064776) (16.6,0.060982) (16.8,0.056941) (17.0,0.052712) (17.2,0.049461) (17.4,0.047488) (17.6,0.044954) (17.8,0.041646) (18.0,0.037678) (18.2,0.034527) (18.4,0.033351) (18.6,0.031432) (18.8,0.028395) (19.0,0.025985) (19.2,0.023228) (19.4,0.020996) (19.6,0.019264) (19.8,0.016779) (20.0,0.014245) (20.2,0.011886) (20.4,0.010871) (20.6,0.010228) (20.8,0.009183) (21.0,0.008165) (21.2,0.007296) (21.4,0.006041) (21.6,0.004651) (21.8,0.004344) (22.0,0.004574) (22.2,0.003998) (22.4,0.002819) (22.6,0.002313) (22.8,0.002189) (23.0,0.001952) (23.2,0.001815) (23.4,0.001861) (23.6,0.001692) (23.8,0.001310) (24.0,0.001042) (24.2,0.000969) (24.4,0.000948) (24.6,0.000707) (24.8,0.000456) (25.0,0.000452) (25.2,0.000585) (25.4,0.000640) (25.6,0.000639) (25.8,0.000645) (26.0,0.000534) (26.2,0.000370) (26.4,0.000247) (26.6,0.000288) (26.8,0.000501) (27.0,0.000458) (27.2,0.000270) (27.4,0.000235) (27.6,0.000216) (27.8,0.000163) (28.0,0.000184) (28.2,0.000184) (28.4,0.000091) (28.6,0.000070) (28.8,0.000116) (29.0,0.000154) (29.2,0.000079) (29.4,0.000012) (29.6,0.000001) (29.8,0.000000) (30.0,0.000000) (30.2,0.000000) (30.4,0.000000) (30.6,0.000000) (30.8,0.000000) (31.0,0.000000) (31.2,0.000000) (31.4,0.000000) (31.6,0.000000) (31.8,0.000000) (32.0,0.000000) (32.2,0.000000) (32.4,0.000000) (32.6,0.000000) (32.8,0.000000) (33.0,0.000005) (33.2,0.000031) (33.4,0.000049) (33.6,0.000022) (33.8,0.000003) (34.0,0.000000) (34.2,0.000000) (34.4,0.000000) (34.6,0.000000) (34.8,0.000000) (35.0,0.000000) (35.2,0.000000) (35.4,0.000000) (35.6,0.000000) (35.8,0.000000) (36.0,0.000000) (36.2,0.000000) (36.4,0.000000) (36.6,0.000000) (36.8,0.000000) (37.0,0.000000) (37.2,0.000000) (37.4,0.000000) (37.6,0.000000) (37.8,0.000000) (38.0,0.000000) (38.2,0.000000) (38.4,0.000000) (38.6,0.000000) (38.8,0.000000) (39.0,0.000000) (39.2,0.000000) (39.4,0.000000) (39.6,0.000000) (39.8,0.000000) (40.0,0.000000) (40.2,0.000000) (40.4,0.000000) (40.6,0.000000) (40.8,0.000000) (41.0,0.000000) (41.2,0.000000) (41.4,0.000000) (41.6,0.000000) (41.8,0.000000) (42.0,0.000000) (42.2,0.000000) (42.4,0.000000) (42.6,0.000000) (42.8,0.000000) (43.0,0.000000) (43.2,0.000000) (43.4,0.000000) (43.6,0.000000) (43.8,0.000000) (44.0,0.000000) (44.2,0.000000) (44.4,0.000000) (44.6,0.000000) (44.8,0.000000) (45.0,0.000000) (45.2,0.000000) (45.4,0.000000) (45.6,0.000000) (45.8,0.000000) (46.0,0.000000) (46.2,0.000000) (46.4,0.000000) (46.6,0.000000) (46.8,0.000000) (47.0,0.000000) (47.2,0.000000) (47.4,0.000000) (47.6,0.000000) (47.8,0.000000) (48.0,0.000000) (48.2,0.000000) (48.4,0.000000) (48.6,0.000000) (48.8,0.000000) (49.0,0.000000) (49.2,0.000000) (49.4,0.000000) (49.6,0.000000) (49.8,0.000000) (50.0,0.000000) (50.2,0.000000) (50.4,0.000000) (50.6,0.000000) (50.8,0.000000) (51.0,0.000000) (51.2,0.000000) (51.4,0.000000) (51.6,0.000000) (51.8,0.000000) (52.0,0.000000) (52.2,0.000000) (52.4,0.000000) (52.6,0.000000) (52.8,0.000000) (53.0,0.000000) (53.2,0.000000) (53.4,0.000000) (53.6,0.000000) (53.8,0.000000) (54.0,0.000000) (54.2,0.000000) (54.4,0.000000) (54.6,0.000000) (54.8,0.000000) (55.0,0.000000) (55.2,0.000000) (55.4,0.000000) (55.6,0.000000) (55.8,0.000000) (56.0,0.000000) (56.2,0.000000) (56.4,0.000000) (56.6,0.000000) (56.8,0.000000) (57.0,0.000000) (57.2,0.000000) (57.4,0.000000) (57.6,0.000000) (57.8,0.000000) (58.0,0.000000) (58.2,0.000000) (58.4,0.000000) (58.6,0.000000) (58.8,0.000000) (59.0,0.000000) (59.2,0.000000) (59.4,0.000000) (59.6,0.000000) (59.8,0.000000) (60.0,0.000000) (60.2,0.000000) (60.4,0.000000) (60.6,0.000000) (60.8,0.000000) (61.0,0.000000) (61.2,0.000000) (61.4,0.000000) (61.6,0.000000) (61.8,0.000000) (62.0,0.000000) (62.2,0.000000) (62.4,0.000000) (62.6,0.000000) (62.8,0.000000) (63.0,0.000000) (63.2,0.000000) (63.4,0.000000) (63.6,0.000000) (63.8,0.000000) (64.0,0.000000) (64.2,0.000000) (64.4,0.000000) (64.6,0.000000) (64.8,0.000000) (65.0,0.000000) (65.2,0.000000) (65.4,0.000000) (65.6,0.000000) (65.8,0.000000) (66.0,0.000000) (66.2,0.000000) (66.4,0.000000) (66.6,0.000000) (66.8,0.000000) (67.0,0.000000) (67.2,0.000000) (67.4,0.000000) (67.6,0.000000) (67.8,0.000000) (68.0,0.000000) (68.2,0.000000) (68.4,0.000000) (68.6,0.000000) (68.8,0.000000) (69.0,0.000000) (69.2,0.000000) (69.4,0.000000) (69.6,0.000000) (69.8,0.000000) (70.0,0.000000) (70.2,0.000000) (70.4,0.000000) (70.6,0.000000) (70.8,0.000000) (71.0,0.000000) (71.2,0.000000) (71.4,0.000000) (71.6,0.000000) (71.8,0.000000)

# Special points (scaled):
# Mean: (4.8,4.557992)
# CVaR: (8.9,1.274490)
# Unified scale factor: 33.083383
# Special points (original):
# Mean: (4.8,0.137773)
# CVaR: (8.9,0.038524)
