# PRIMAL-AVG PDF Data for TikZ
# Mean: 8.93ms
# CVaR(0.25): 16.00ms
# VaR(0.25): 11.96ms
# Standard deviation: 5.28ms
# Min: 0.00ms, Max: 67.01ms

# PDF curve points (x,y):
(0.0,1.073327) (0.2,1.267354) (0.4,1.296451) (0.6,1.310327) (0.8,1.379271) (1.0,1.472388) (1.2,1.543582) (1.4,1.575560) (1.6,1.577781) (1.8,1.567759) (2.0,1.555688) (2.2,1.542204) (2.4,1.525803) (2.6,1.509778) (2.8,1.502000) (3.0,1.508765) (3.2,1.530824) (3.4,1.568042) (3.6,1.622809) (3.8,1.693281) (4.0,1.769120) (4.2,1.837635) (4.4,1.891680) (4.6,1.932260) (4.8,1.964502) (5.0,1.991381) (5.2,2.012391) (5.4,2.027231) (5.6,2.038297) (5.8,2.049075) (6.0,2.062116) (6.2,2.079145) (6.4,2.101209) (6.6,2.128329) (6.8,2.160478) (7.0,2.198815) (7.2,2.244734) (7.4,2.298420) (7.6,2.359234) (7.8,2.426472) (8.0,2.499233) (8.2,2.576444) (8.4,2.655649) (8.6,2.729891) (8.8,2.789392) (9.0,2.829914) (9.2,2.855822) (9.4,2.870743) (9.6,2.869736) (9.8,2.845866) (10.0,2.797797) (10.2,2.727075) (10.4,2.636958) (10.6,2.534350) (10.8,2.426898) (11.0,2.318764) (11.2,2.208633) (11.4,2.093104) (11.6,1.974443) (11.8,1.860836) (12.0,1.758401) (12.2,1.667767) (12.4,1.586588) (12.6,1.512178) (12.8,1.443438) (13.0,1.380953) (13.2,1.324492) (13.4,1.271998) (13.6,1.222233) (13.8,1.176598) (14.0,1.137461) (14.2,1.104865) (14.4,1.075211) (14.6,1.044744) (14.8,1.013107) (15.0,0.981621) (15.2,0.950975) (15.4,0.921700) (15.6,0.894222) (15.8,0.868290) (16.0,0.843241) (16.2,0.818518) (16.4,0.793835) (16.6,0.769170) (16.8,0.744833) (17.0,0.721258) (17.2,0.698263) (17.4,0.674785) (17.6,0.650274) (17.8,0.625624) (18.0,0.601430) (18.2,0.576513) (18.4,0.550112) (18.6,0.524005) (18.8,0.500383) (19.0,0.479035) (19.2,0.457538) (19.4,0.433812) (19.6,0.408571) (19.8,0.384483) (20.0,0.362846) (20.2,0.342424) (20.4,0.321950) (20.6,0.302147) (20.8,0.284277) (21.0,0.268132) (21.2,0.252376) (21.4,0.236179) (21.6,0.220091) (21.8,0.205114) (22.0,0.191358) (22.2,0.178541) (22.4,0.167097) (22.6,0.157385) (22.8,0.148566) (23.0,0.139413) (23.2,0.129625) (23.4,0.119776) (23.6,0.110353) (23.8,0.101580) (24.0,0.093678) (24.2,0.086530) (24.4,0.079863) (24.6,0.073766) (24.8,0.068303) (25.0,0.063157) (25.2,0.058021) (25.4,0.052905) (25.6,0.048101) (25.8,0.043946) (26.0,0.040526) (26.2,0.037674) (26.4,0.035157) (26.6,0.032740) (26.8,0.030212) (27.0,0.027606) (27.2,0.025185) (27.4,0.022996) (27.6,0.020868) (27.8,0.018812) (28.0,0.016893) (28.2,0.015013) (28.4,0.013129) (28.6,0.011371) (28.8,0.009979) (29.0,0.009113) (29.2,0.008625) (29.4,0.008176) (29.6,0.007544) (29.8,0.006720) (30.0,0.005834) (30.2,0.005060) (30.4,0.004470) (30.6,0.004015) (30.8,0.003615) (31.0,0.003234) (31.2,0.002945) (31.4,0.002831) (31.6,0.002821) (31.8,0.002777) (32.0,0.002645) (32.2,0.002426) (32.4,0.002125) (32.6,0.001770) (32.8,0.001448) (33.0,0.001268) (33.2,0.001232) (33.4,0.001234) (33.6,0.001213) (33.8,0.001187) (34.0,0.001166) (34.2,0.001136) (34.4,0.001098) (34.6,0.001066) (34.8,0.001032) (35.0,0.000966) (35.2,0.000855) (35.4,0.000737) (35.6,0.000648) (35.8,0.000587) (36.0,0.000523) (36.2,0.000446) (36.4,0.000391) (36.6,0.000376) (36.8,0.000367) (37.0,0.000348) (37.2,0.000342) (37.4,0.000349) (37.6,0.000341) (37.8,0.000320) (38.0,0.000310) (38.2,0.000317) (38.4,0.000319) (38.6,0.000306) (38.8,0.000294) (39.0,0.000286) (39.2,0.000264) (39.4,0.000218) (39.6,0.000165) (39.8,0.000138) (40.0,0.000151) (40.2,0.000186) (40.4,0.000216) (40.6,0.000221) (40.8,0.000199) (41.0,0.000166) (41.2,0.000139) (41.4,0.000125) (41.6,0.000121) (41.8,0.000116) (42.0,0.000100) (42.2,0.000081) (42.4,0.000071) (42.6,0.000073) (42.8,0.000084) (43.0,0.000099) (43.2,0.000120) (43.4,0.000141) (43.6,0.000146) (43.8,0.000121) (44.0,0.000081) (44.2,0.000052) (44.4,0.000038) (44.6,0.000032) (44.8,0.000035) (45.0,0.000046) (45.2,0.000054) (45.4,0.000051) (45.6,0.000046) (45.8,0.000051) (46.0,0.000062) (46.2,0.000067) (46.4,0.000063) (46.6,0.000056) (46.8,0.000052) (47.0,0.000050) (47.2,0.000048) (47.4,0.000044) (47.6,0.000038) (47.8,0.000045) (48.0,0.000070) (48.2,0.000103) (48.4,0.000117) (48.6,0.000103) (48.8,0.000072) (49.0,0.000046) (49.2,0.000035) (49.4,0.000035) (49.6,0.000035) (49.8,0.000035) (50.0,0.000034) (50.2,0.000028) (50.4,0.000018) (50.6,0.000014) (50.8,0.000023) (51.0,0.000043) (51.2,0.000057) (51.4,0.000050) (51.6,0.000029) (51.8,0.000011) (52.0,0.000003) (52.2,0.000002) (52.4,0.000006) (52.6,0.000015) (52.8,0.000025) (53.0,0.000028) (53.2,0.000021) (53.4,0.000012) (53.6,0.000010) (53.8,0.000017) (54.0,0.000027) (54.2,0.000028) (54.4,0.000019) (54.6,0.000009) (54.8,0.000005) (55.0,0.000010) (55.2,0.000020) (55.4,0.000031) (55.6,0.000036) (55.8,0.000036) (56.0,0.000036) (56.2,0.000034) (56.4,0.000032) (56.6,0.000032) (56.8,0.000030) (57.0,0.000022) (57.2,0.000019) (57.4,0.000031) (57.6,0.000050) (57.8,0.000057) (58.0,0.000043) (58.2,0.000022) (58.4,0.000007) (58.6,0.000002) (58.8,0.000000) (59.0,0.000000) (59.2,0.000000) (59.4,0.000000) (59.6,0.000000) (59.8,0.000000) (60.0,0.000000) (60.2,0.000002) (60.4,0.000007) (60.6,0.000017) (60.8,0.000028) (61.0,0.000034) (61.2,0.000035) (61.4,0.000035) (61.6,0.000030) (61.8,0.000020) (62.0,0.000009) (62.2,0.000003) (62.4,0.000001) (62.6,0.000001) (62.8,0.000006) (63.0,0.000020) (63.2,0.000043) (63.4,0.000064) (63.6,0.000069) (63.8,0.000058) (64.0,0.000039) (64.2,0.000021) (64.4,0.000008) (64.6,0.000002) (64.8,0.000000) (65.0,0.000000) (65.2,0.000001) (65.4,0.000004) (65.6,0.000013) (65.8,0.000031) (66.0,0.000050) (66.2,0.000055) (66.4,0.000044) (66.6,0.000032) (66.8,0.000030) (67.0,0.000030) (67.2,0.000024) (67.4,0.000013) (67.6,0.000004) (67.8,0.000001) (68.0,0.000000) (68.2,0.000000) (68.4,0.000000) (68.6,0.000000) (68.8,0.000000) (69.0,0.000000) (69.2,0.000000) (69.4,0.000000) (69.6,0.000000) (69.8,0.000000) (70.0,0.000000) (70.2,0.000000) (70.4,0.000000) (70.6,0.000000) (70.8,0.000000) (71.0,0.000000) (71.2,0.000000) (71.4,0.000000) (71.6,0.000000) (71.8,0.000000)

# Special points (scaled):
# Mean: (8.9,2.818597)
# CVaR: (16.0,0.843051)
# Unified scale factor: 33.083383
# Special points (original):
# Mean: (8.9,0.085197)
# CVaR: (16.0,0.025483)
