# MADQN PDF Data for TikZ
# Mean: 17.60ms
# CVaR(0.25): 31.12ms
# VaR(0.25): 24.68ms
# Standard deviation: 10.09ms
# Min: 0.00ms, Max: 71.69ms

# PDF curve points (x,y):
(0.0,0.535411) (0.2,0.601568) (0.4,0.636934) (0.6,0.646877) (0.8,0.641877) (1.0,0.632090) (1.2,0.624003) (1.4,0.620175) (1.6,0.620821) (1.8,0.625432) (2.0,0.633519) (2.2,0.644627) (2.4,0.658165) (2.6,0.673388) (2.8,0.689545) (3.0,0.706042) (3.2,0.722510) (3.4,0.738749) (3.6,0.754634) (3.8,0.770017) (4.0,0.784673) (4.2,0.798294) (4.4,0.810538) (4.6,0.821096) (4.8,0.829751) (5.0,0.836398) (5.2,0.841031) (5.4,0.843716) (5.6,0.844573) (5.8,0.843782) (6.0,0.841598) (6.2,0.838350) (6.4,0.834429) (6.6,0.830245) (6.8,0.826193) (7.0,0.822640) (7.2,0.819939) (7.4,0.818449) (7.6,0.818538) (7.8,0.820567) (8.0,0.824859) (8.2,0.831664) (8.4,0.841134) (8.6,0.853301) (8.8,0.868088) (9.0,0.885340) (9.2,0.904890) (9.4,0.926603) (9.6,0.950384) (9.8,0.976110) (10.0,1.003516) (10.2,1.032123) (10.4,1.061291) (10.6,1.090398) (10.8,1.119073) (11.0,1.147306) (11.2,1.175371) (11.4,1.203558) (11.6,1.231888) (11.8,1.259954) (12.0,1.286987) (12.2,1.312089) (12.4,1.334522) (12.6,1.353899) (12.8,1.370195) (13.0,1.383605) (13.2,1.394319) (13.4,1.402332) (13.6,1.407403) (13.8,1.409190) (14.0,1.407477) (14.2,1.402341) (14.4,1.394121) (14.6,1.383206) (14.8,1.369828) (15.0,1.354050) (15.2,1.335998) (15.4,1.316145) (15.6,1.295368) (15.8,1.274672) (16.0,1.254755) (16.2,1.235752) (16.4,1.217380) (16.6,1.199337) (16.8,1.181633) (17.0,1.164582) (17.2,1.148494) (17.4,1.133375) (17.6,1.118907) (17.8,1.104713) (18.0,1.090673) (18.2,1.077005) (18.4,1.064067) (18.6,1.052074) (18.8,1.040982) (19.0,1.030622) (19.2,1.020931) (19.4,1.012056) (19.6,1.004247) (19.8,0.997625) (20.0,0.992029) (20.2,0.987056) (20.4,0.982270) (20.6,0.977422) (20.8,0.972546) (21.0,0.967889) (21.2,0.963769) (21.4,0.960468) (21.6,0.958232) (21.8,0.957315) (22.0,0.957992) (22.2,0.960474) (22.4,0.964797) (22.6,0.970740) (22.8,0.977851) (23.0,0.985568) (23.2,0.993353) (23.4,1.000779) (23.6,1.007528) (23.8,1.013328) (24.0,1.017884) (24.2,1.020852) (24.4,1.021839) (24.6,1.020415) (24.8,1.016124) (25.0,1.008551) (25.2,0.997434) (25.4,0.982789) (25.6,0.964952) (25.8,0.944502) (26.0,0.922086) (26.2,0.898273) (26.4,0.873519) (26.6,0.848226) (26.8,0.822842) (27.0,0.797913) (27.2,0.774064) (27.4,0.751913) (27.6,0.731951) (27.8,0.714439) (28.0,0.699366) (28.2,0.686488) (28.4,0.675438) (28.6,0.665838) (28.8,0.657369) (29.0,0.649766) (29.2,0.642765) (29.4,0.636048) (29.6,0.629242) (29.8,0.621981) (30.0,0.613997) (30.2,0.605178) (30.4,0.595551) (30.6,0.585224) (30.8,0.574315) (31.0,0.562933) (31.2,0.551175) (31.4,0.539139) (31.6,0.526916) (31.8,0.514583) (32.0,0.502191) (32.2,0.489764) (32.4,0.477300) (32.6,0.464788) (32.8,0.452217) (33.0,0.439608) (33.2,0.427014) (33.4,0.414511) (33.6,0.402169) (33.8,0.390013) (34.0,0.378003) (34.2,0.366049) (34.4,0.354069) (34.6,0.342047) (34.8,0.330070) (35.0,0.318303) (35.2,0.306923) (35.4,0.296066) (35.6,0.285799) (35.8,0.276132) (36.0,0.267042) (36.2,0.258488) (36.4,0.250416) (36.6,0.242754) (36.8,0.235419) (37.0,0.228332) (37.2,0.221441) (37.4,0.214727) (37.6,0.208200) (37.8,0.201881) (38.0,0.195796) (38.2,0.189982) (38.4,0.184474) (38.6,0.179287) (38.8,0.174369) (39.0,0.169603) (39.2,0.164841) (39.4,0.159972) (39.6,0.154962) (39.8,0.149849) (40.0,0.144696) (40.2,0.139549) (40.4,0.134427) (40.6,0.129341) (40.8,0.124317) (41.0,0.119413) (41.2,0.114694) (41.4,0.110211) (41.6,0.105961) (41.8,0.101891) (42.0,0.097919) (42.2,0.093965) (42.4,0.089983) (42.6,0.085967) (42.8,0.081938) (43.0,0.077941) (43.2,0.074033) (43.4,0.070280) (43.6,0.066742) (43.8,0.063458) (44.0,0.060437) (44.2,0.057652) (44.4,0.055058) (44.6,0.052611) (44.8,0.050287) (45.0,0.048088) (45.2,0.046016) (45.4,0.044054) (45.6,0.042158) (45.8,0.040276) (46.0,0.038375) (46.2,0.036461) (46.4,0.034569) (46.6,0.032737) (46.8,0.030985) (47.0,0.029312) (47.2,0.027705) (47.4,0.026156) (47.6,0.024671) (47.8,0.023271) (48.0,0.021985) (48.2,0.020830) (48.4,0.019808) (48.6,0.018897) (48.8,0.018058) (49.0,0.017246) (49.2,0.016424) (49.4,0.015569) (49.6,0.014682) (49.8,0.013773) (50.0,0.012860) (50.2,0.011959) (50.4,0.011083) (50.6,0.010247) (50.8,0.009472) (51.0,0.008782) (51.2,0.008191) (51.4,0.007700) (51.6,0.007292) (51.8,0.006939) (52.0,0.006613) (52.2,0.006293) (52.4,0.005968) (52.6,0.005639) (52.8,0.005307) (53.0,0.004975) (53.2,0.004641) (53.4,0.004302) (53.6,0.003956) (53.8,0.003610) (54.0,0.003276) (54.2,0.002971) (54.4,0.002706) (54.6,0.002486) (54.8,0.002306) (55.0,0.002157) (55.2,0.002029) (55.4,0.001915) (55.6,0.001813) (55.8,0.001723) (56.0,0.001645) (56.2,0.001579) (56.4,0.001518) (56.6,0.001455) (56.8,0.001384) (57.0,0.001304) (57.2,0.001220) (57.4,0.001141) (57.6,0.001073) (57.8,0.001019) (58.0,0.000977) (58.2,0.000943) (58.4,0.000910) (58.6,0.000879) (58.8,0.000850) (59.0,0.000826) (59.2,0.000808) (59.4,0.000795) (59.6,0.000780) (59.8,0.000758) (60.0,0.000723) (60.2,0.000676) (60.4,0.000621) (60.6,0.000567) (60.8,0.000522) (61.0,0.000489) (61.2,0.000467) (61.4,0.000451) (61.6,0.000434) (61.8,0.000412) (62.0,0.000381) (62.2,0.000345) (62.4,0.000307) (62.6,0.000270) (62.8,0.000238) (63.0,0.000209) (63.2,0.000184) (63.4,0.000163) (63.6,0.000144) (63.8,0.000128) (64.0,0.000114) (64.2,0.000103) (64.4,0.000093) (64.6,0.000085) (64.8,0.000076) (65.0,0.000068) (65.2,0.000060) (65.4,0.000051) (65.6,0.000044) (65.8,0.000039) (66.0,0.000036) (66.2,0.000034) (66.4,0.000034) (66.6,0.000032) (66.8,0.000028) (67.0,0.000023) (67.2,0.000017) (67.4,0.000011) (67.6,0.000007) (67.8,0.000003) (68.0,0.000002) (68.2,0.000001) (68.4,0.000000) (68.6,0.000000) (68.8,0.000000) (69.0,0.000000) (69.2,0.000000) (69.4,0.000000) (69.6,0.000000) (69.8,0.000001) (70.0,0.000002) (70.2,0.000004) (70.4,0.000007) (70.6,0.000012) (70.8,0.000017) (71.0,0.000022) (71.2,0.000026) (71.4,0.000027) (71.6,0.000027) (71.8,0.000024)

# Special points (scaled):
# Mean: (17.6,1.118875)
# CVaR: (31.1,0.555908)
# Unified scale factor: 33.083383
# Special points (original):
# Mean: (17.6,0.033820)
# CVaR: (31.1,0.016803)
